1 100 4
1 101 5
1 102 3
1 10 3
1 103 5
1 104 2
1 105 5
1 106 5
1 107 5
1 108 5
1 109 3
1 110 4
1 111 5
1 112 4
1 113 5
1 11 4
1 114 5
1 115 5
1 116 5
1 117 5
1 118 5
1 119 3
1 120 5
1 121 2
1 122 4
1 123 3
1 124 5
1 12 5
1 125 4
1 126 5
1 127 5
1 128 5
1 129 5
1 130 5
1 131 4
1 132 5
1 133 5
1 134 5
1 13 5
1 135 3
1 136 4
1 137 5
1 138 5
1 139 4
1 140 5
1 141 4
1 142 4
1 14 3
1 143 5
1 144 4
1 145 5
1 146 5
1 147 5
1 148 1
1 149 5
1 1 5
1 150 5
1 151 5
1 152 5
1 153 5
1 15 4
1 154 4
1 155 3
1 156 2
1 157 5
1 158 4
1 159 5
1 160 2
1 161 5
1 162 5
1 163 2
1 16 4
1 164 5
1 165 4
1 166 5
1 167 3
1 168 5
1 169 5
1 170 2
1 171 4
1 172 4
1 173 5
1 17 4
1 174 4
1 175 3
1 176 4
1 177 3
1 178 5
1 179 3
1 180 5
1 181 5
1 182 1
1 183 4
1 184 5
1 18 5
1 185 5
1 186 1
1 187 4
1 188 3
1 189 4
1 190 3
1 191 3
1 192 5
1 19 3
1 193 5
1 194 4
1 195 4
1 196 3
1 197 4
1 198 5
1 199 3
1 200 3
1 20 1
1 201 4
1 202 2
1 203 5
1 204 3
1 205 2
1 206 5
1 207 5
1 208 3
1 209 5
1 210 4
1 211 4
1 212 3
1 21 3
1 213 4
1 214 5
1 215 4
1 216 3
1 217 5
1 218 5
1 219 5
1 220 5
1 221 3
1 222 5
1 223 4
1 224 3
1 22 5
1 225 1
1 226 2
1 227 4
1 228 5
1 229 5
1 230 3
1 231 4
1 232 1
1 23 3
1 233 5
1 234 2
1 24 1
1 2 5
1 25 5
1 26 5
1 27 1
1 28 5
1 29 2
1 30 5
1 31 5
1 32 5
1 33 1
1 34 4
1 3 5
1 35 3
1 36 2
1 37 3
1 38 5
1 39 2
1 40 4
1 41 5
1 42 4
1 43 5
1 4 4
1 44 3
1 45 3
1 46 5
1 47 3
1 48 5
1 49 2
1 50 2
1 51 5
1 52 5
1 53 3
1 54 1
1 5 5
1 55 3
1 56 5
1 57 5
1 58 5
1 59 5
1 60 5
1 61 5
1 62 4
1 63 2
1 64 4
1 6 5
1 65 1
1 66 4
1 67 5
1 68 3
1 69 5
1 70 5
1 71 5
1 72 5
1 7 3
1 73 4
1 74 2
1 75 3
1 76 3
1 77 5
1 78 3
1 79 4
1 80 5
1 81 4
1 82 5
1 8 3
1 83 5
1 84 4
1 85 2
1 86 5
1 87 2
1 88 5
1 89 5
1 90 5
1 91 4
1 92 3
1 93 4
1 94 3
1 9 5
1 95 5
1 96 4
1 97 5
1 98 4
1 99 3
2 235 4
2 236 5
2 237 5
2 238 2
2 239 5
2 240 5
2 241 3
2 242 5
2 243 4
2 244 5
2 245 5
2 246 5
2 247 5
2 248 4
2 249 5
2 250 5
2 251 5
2 252 4
2 253 4
2 254 4
2 255 2
2 256 5
2 257 4
2 258 5
2 259 5
2 260 4
2 261 3
2 262 5
2 263 5
2 264 5
2 265 5
2 266 2
2 267 3
2 268 2
2 269 5
2 270 3
2 271 5
2 272 5
2 273 5
2 274 5
2 275 5
2 276 4
2 277 5
2 278 5
2 279 3
2 280 4
2 281 5
2 282 5
2 283 4
2 284 5
2 285 5
2 286 5
2 287 4
2 288 5
2 289 5
2 290 5
2 291 5
2 292 2
2 293 5
2 294 5
2 295 4
2 296 3
3 297 5
3 298 5
3 299 4
3 300 3
3 301 5
3 302 3
3 303 5
3 304 5
3 305 5
3 306 4
3 307 5
3 308 4
3 309 5
3 310 4
3 311 5
3 312 4
3 313 4
3 314 5
3 315 5
3 316 4
3 317 5
4 318 4
4 319 4
4 320 5
4 321 5
4 322 4
4 323 5
4 324 4
4 325 5
4 326 4
4 327 4
4 328 5
4 329 5
4 330 4
4 331 2
4 332 5
4 333 4
4 334 3
4 335 4
4 336 5
4 337 4
4 338 4
4 339 5
4 340 5
4 341 4
4 342 4
4 343 4
4 344 4
4 345 5
4 346 4
4 347 4
4 348 4
4 349 5
4 350 5
4 351 5
4 352 5
4 353 2
4 354 4
4 355 5
5 356 5
5 357 5
5 358 5
5 359 3
5 360 5
5 361 5
5 362 4
5 363 3
5 364 5
5 365 4
5 366 4
5 367 2
5 368 4
5 369 4
5 370 5
5 371 4
5 372 2
5 373 5
5 374 5
5 375 4
5 376 4
5 377 5
5 378 3
5 379 4
5 380 5
5 381 4
5 382 4
5 383 5
5 384 5
5 385 5
5 386 5
5 387 5
5 388 5
5 389 5
5 390 1
5 391 5
5 392 4
5 393 4
5 394 4
6 395 5
6 396 5
6 397 5
6 398 4
6 399 1
6 400 4
6 401 4
6 402 5
6 403 5
7 213 4
7 232 4
7 386 4
7 387 5
7 404 5
7 405 5
7 406 4
7 407 5
7 408 4
7 409 2
7 410 5
7 411 1
7 412 4
7 413 5
7 414 5
7 415 4
7 416 4
7 417 2
7 418 5
7 419 5
7 420 5
7 421 4
7 422 4
7 423 5
7 424 4
7 425 3
7 426 5
7 427 5
7 428 5
7 429 4
7 430 3
7 431 5
7 432 4
7 433 4
7 434 4
7 435 4
7 436 1
7 437 4
7 438 5
7 439 4
7 440 4
7 441 5
7 442 5
7 443 2
7 444 3
7 445 4
7 446 4
7 447 4
7 448 5
7 449 4
7 450 5
7 451 4
7 452 4
7 453 4
7 454 5
7 455 4
7 456 3
7 457 4
7 458 4
7 459 4
7 460 4
7 461 4
7 462 4
7 463 3
7 464 4
7 465 5
7 466 4
7 467 5
7 468 5
7 469 5
7 470 5
7 471 5
7 472 4
7 473 4
7 474 5
7 475 4
7 476 1
7 477 1
7 478 4
7 479 4
7 480 4
7 481 4
7 482 4
7 483 5
7 484 4
7 485 5
7 486 5
7 487 5
7 488 4
7 489 4
7 490 4
7 491 5
7 492 5
7 493 4
7 494 4
7 495 4
7 496 4
7 497 1
7 498 4
7 499 5
7 500 4
7 501 4
7 502 5
7 503 5
7 504 4
7 505 5
7 506 4
7 507 5
7 508 3
7 509 4
7 510 4
7 511 4
7 512 4
7 513 4
7 514 4
7 515 4
7 516 4
7 517 2
7 518 4
7 519 4
7 520 5
7 521 5
7 522 5
7 523 5
7 524 5
7 525 4
7 526 5
7 527 5
7 528 4
7 529 5
7 530 5
7 531 5
7 532 4
7 533 5
7 534 5
7 535 2
7 536 4
7 537 4
7 538 4
7 539 4
7 540 4
7 541 5
7 542 3
7 543 4
7 544 4
7 545 4
7 546 4
7 547 4
7 548 4
7 549 4
7 550 4
7 551 4
7 552 4
7 553 4
7 554 4
7 555 4
7 556 5
7 557 4
7 558 4
7 559 3
7 560 3
7 561 4
7 562 4
7 563 4
7 564 5
7 565 4
7 566 4
7 567 4
7 568 4
7 569 4
7 570 4
7 571 4
7 572 4
7 573 4
7 574 4
7 575 4
7 576 4
7 577 5
7 578 4
7 579 4
7 580 4
7 581 4
7 582 4
7 583 3
7 584 4
7 585 3
7 586 4
7 587 4
7 588 5
7 589 4
7 590 4
7 591 4
7 592 2
7 593 4
7 594 4
7 595 4
7 596 3
7 597 4
7 598 4
7 599 5
7 600 4
7 601 4
7 602 5
7 603 5
7 604 4
7 605 4
7 606 4
7 607 1
7 608 5
7 609 4
7 610 4
7 611 4
7 612 4
7 613 4
7 614 4
7 615 4
7 616 4
7 617 4
7 618 4
7 619 4
7 620 4
8 621 3
8 622 4
8 623 1
8 624 5
8 625 5
8 626 3
8 627 5
8 628 5
8 629 3
8 630 4
8 631 2
8 632 5
8 633 2
8 634 5
8 635 5
8 636 4
8 637 4
8 638 4
8 639 3
8 640 5
8 641 4
8 642 4
8 643 4
8 644 4
8 645 3
8 646 3
8 647 4
9 296 4
9 528 5
9 648 4
9 649 5
9 650 2
9 651 5
9 652 4
9 653 4
9 654 5
9 655 2
9 656 3
9 657 5
9 658 4
9 659 5
9 660 5
9 661 5
9 662 4
9 663 5
9 664 5
9 665 4
9 666 4
9 667 5
9 668 5
9 669 4
9 670 4
9 671 5
9 672 2
9 673 5
9 674 1
9 675 4
9 676 5
9 677 5
9 678 4
9 679 4
9 680 5
9 681 2
9 682 1
9 683 5
9 684 5
9 685 5
9 686 5
9 687 1
9 688 1
9 689 5
9 690 2
9 691 5
9 692 4
9 693 4
9 694 5
9 695 4
9 696 4
9 697 2
9 698 5
9 699 5
9 700 5
9 701 2
9 702 5
9 703 5
9 704 3
9 705 5
9 706 3
9 707 3
9 708 5
9 709 5
9 710 5
9 711 3
9 712 4
9 713 5
9 714 3
9 715 3
9 716 2
9 717 2
9 718 5
9 719 5
9 720 4
9 721 5
9 722 5
9 723 5
9 724 2
9 725 5
9 726 5
9 727 5
9 728 5
9 729 5
9 730 4
9 731 2
9 732 5
9 733 5
9 734 5
9 735 1
9 736 5
10 737 5
10 738 5
10 739 5
10 740 5
10 741 5
10 742 4
10 743 5
10 744 1
10 745 5
10 746 5
10 747 2
10 748 5
10 749 5
10 750 5
10 751 5
10 752 3
10 753 5
10 754 5
10 755 5
10 756 4
11 757 5
11 758 4
11 759 5
11 760 3
11 761 4
11 762 3
11 763 1
11 764 5
11 765 5
11 766 3
11 767 5
11 768 5
11 769 3
11 770 5
11 771 4
11 772 1
11 773 5
11 774 3
11 775 3
11 776 2
11 777 3
11 778 4
11 779 4
11 780 4
11 781 2
11 782 2
11 783 5
11 784 5
11 785 5
11 786 1
11 787 3
11 788 3
11 789 4
11 790 4
11 791 5
11 792 3
11 793 5
11 794 5
11 795 5
11 796 5
11 797 4
11 798 5
11 799 5
11 800 4
11 801 1
11 802 1
11 803 5
11 804 4
11 805 3
11 806 2
11 807 3
11 808 2
11 809 5
11 810 3
11 811 5
11 812 5
11 813 4
11 814 5
11 815 5
11 816 5
11 817 5
11 818 4
11 819 3
11 820 5
11 821 3
11 822 5
11 823 3
11 824 5
11 825 5
11 826 4
11 827 5
11 828 5
11 829 5
11 830 2
11 831 3
11 832 1
11 833 5
11 834 4
11 835 5
11 836 5
11 837 5
11 838 5
11 839 5
11 840 4
11 841 5
11 842 4
11 843 5
11 844 5
11 845 1
11 846 3
11 847 4
11 848 4
12 545 5
12 849 5
12 850 5
12 851 5
12 852 5
12 853 5
12 854 5
12 855 5
12 856 5
12 857 5
12 858 5
12 859 4
12 860 5
12 861 5
12 862 5
12 863 4
12 864 5
12 865 5
12 866 4
12 867 4
12 868 3
12 869 4
12 870 5
12 871 3
12 872 5
12 873 4
13 874 5
13 875 5
13 876 4
13 877 5
13 878 5
13 879 4
13 880 5
13 881 4
13 882 5
13 883 3
13 884 5
13 885 5
13 886 5
13 887 1
13 888 5
13 889 3
13 890 5
13 891 4
13 892 3
13 893 3
13 894 5
13 895 5
14 896 4
14 897 5
14 898 4
14 899 5
14 900 4
14 901 4
14 902 4
14 903 5
14 904 2
14 905 3
14 906 5
14 907 3
14 908 5
14 909 2
14 910 5
14 911 3
14 912 1
14 913 3
14 914 1
14 915 4
14 916 2
14 917 5
14 918 4
14 919 4
14 920 3
14 921 5
14 922 1
14 923 3
14 924 4
14 925 3
14 926 4
14 927 4
14 928 5
14 929 4
14 930 4
14 931 3
14 932 3
14 933 2
14 934 4
14 935 4
14 936 3
14 937 5
14 938 3
14 939 5
14 940 5
14 941 4
14 942 5
14 943 2
14 944 2
14 945 3
14 946 4
14 947 4
14 948 5
14 949 4
14 950 5
14 951 2
14 952 3
15 44 5
15 61 5
15 69 4
15 79 4
15 953 2
15 954 4
15 955 4
15 956 1
15 957 3
15 958 5
15 959 3
15 960 1
15 961 4
15 962 4
15 963 3
15 964 5
15 965 4
15 966 3
15 967 5
15 968 3
15 969 2
15 970 5
15 971 4
15 972 5
15 973 5
15 974 4
15 975 5
15 976 2
15 977 5
15 978 5
15 979 5
15 980 5
15 981 4
15 982 5
15 983 4
15 984 4
15 985 2
15 986 4
15 987 4
15 988 5
15 989 5
15 990 4
15 991 4
15 992 4
15 993 4
15 994 4
15 995 2
15 996 4
15 997 4
15 998 5
15 999 5
16 1000 5
16 1001 5
16 1002 5
16 1003 2
16 1004 4
16 1005 5
16 1006 4
16 1007 4
16 1008 4
16 1009 4
16 1010 5
16 1011 5
16 1012 4
16 1013 4
16 1014 4
16 1015 4
16 1016 3
16 1017 4
16 1018 4
16 1019 5
16 1020 5
16 1021 4
16 1022 4
16 1023 4
16 1024 4
16 1025 1
16 1026 5
16 1027 5
16 1028 4
16 1029 4
16 1030 4
16 1031 4
16 1032 5
16 1033 5
16 1034 5
16 1035 4
16 1036 3
16 1037 4
16 1038 4
16 1039 4
16 1040 4
16 1041 5
16 1042 4
16 1043 5
16 1044 4
16 1045 5
16 1046 4
16 1047 4
16 1048 5
16 1049 5
16 1050 4
16 1051 4
16 1052 4
16 1053 3
16 1054 4
16 1055 4
16 1056 4
16 1057 4
16 1058 4
16 1059 5
16 1060 5
16 1061 3
16 1062 5
16 1063 4
16 1064 4
16 1065 5
16 1066 5
16 1067 4
16 1068 2
16 1069 4
16 1070 4
16 1071 2
16 1072 3
16 1073 4
16 1074 2
16 1075 2
16 1076 2
16 1077 1
16 1078 3
16 1079 1
16 1080 4
16 1081 3
16 1082 4
16 1083 2
16 1084 2
16 1085 4
16 1086 4
16 1087 4
16 1088 3
16 1089 5
16 1090 4
16 1091 5
16 1092 4
16 1093 3
16 1094 3
16 1095 4
16 1096 1
16 1097 1
16 1098 2
16 1099 5
16 1100 3
16 1101 4
16 1102 3
16 1103 4
16 1104 1
16 1105 3
16 1106 5
16 1107 4
16 1108 5
16 1109 4
16 1110 4
16 1111 5
16 1112 4
16 1113 3
16 1114 5
16 1115 4
16 1116 2
16 1117 5
16 1118 3
16 1119 4
16 1120 2
16 1121 4
16 1122 1
16 1123 4
16 1124 3
16 1125 5
16 1126 4
16 1127 4
16 233 4
16 363 3
16 390 2
16 660 1
18 1128 3
18 1129 5
18 1130 5
18 1131 4
18 1132 5
18 1133 3
18 1134 4
19 1135 5
19 1136 5
19 1137 4
19 1138 5
19 1139 4
19 1140 4
19 1141 5
19 1142 5
19 1143 5
19 1144 4
19 1145 4
19 1146 5
20 1129 3
20 1147 5
20 1148 4
20 1149 3
20 1150 2
20 1151 5
20 1152 4
20 1153 2
20 1154 3
20 1155 4
20 1156 5
20 1157 3
20 1158 4
20 1159 3
20 1160 3
20 1161 2
20 1162 5
20 1163 5
20 1164 1
20 1165 3
20 1166 4
20 1167 1
20 1168 4
20 1169 5
20 1170 3
20 1171 5
20 1172 5
20 195 3
21 1173 5
21 1174 3
21 1175 4
21 1176 1
21 1177 5
21 1178 4
21 1179 5
21 1180 5
21 1181 5
21 1182 2
21 1183 5
21 1184 5
21 1185 5
21 1186 3
21 1187 4
21 1188 5
21 1189 3
21 1190 3
21 1191 3
21 1192 2
21 1193 3
21 1194 5
21 1195 3
21 1196 5
21 1197 5
21 1198 5
21 1199 5
22 1200 5
22 1201 5
22 1202 5
22 1203 5
22 1204 3
22 1205 5
22 1206 5
22 1207 5
22 1208 5
22 1209 5
22 1210 4
22 1211 4
22 1212 4
22 1213 2
22 1214 5
22 1215 4
23 1030 4
23 1071 4
23 1093 5
23 1095 5
23 1103 5
23 1116 3
23 1121 5
23 1216 4
23 1217 5
23 1218 5
23 1219 4
23 1220 4
23 1221 5
23 1222 5
23 1223 5
23 1224 5
23 1225 5
23 1226 4
23 1227 4
23 1228 4
23 1229 5
23 1230 4
23 1231 3
23 1232 4
23 1233 5
23 1234 5
23 1235 4
23 1236 3
23 1237 4
23 1238 5
23 1239 5
23 1240 3
23 1241 4
23 1242 4
23 1243 4
23 1244 3
23 1245 2
23 1246 4
23 1247 3
23 1248 5
23 1249 5
23 1250 1
23 1251 3
23 1252 5
23 1253 3
23 1254 5
23 1255 4
23 1256 3
23 1257 2
23 1258 5
23 1259 2
23 1260 4
23 1261 4
23 1262 4
23 1263 5
23 1264 4
23 1265 4
23 1266 5
23 1267 5
23 1268 5
23 1269 3
23 1270 4
23 1271 4
23 1272 5
23 1273 4
23 1274 5
23 1275 4
23 1276 4
23 1277 3
23 1278 5
23 1279 5
23 1280 5
23 1281 5
23 1282 5
23 1283 4
23 1284 2
23 1285 4
23 1286 4
23 1287 4
23 1288 4
23 1289 4
23 1290 4
23 1291 5
23 1292 4
23 1293 4
23 1294 5
23 1295 4
23 1296 5
23 1297 2
23 1298 4
23 1299 4
23 1300 4
23 1301 2
23 1302 4
23 1303 5
23 1304 1
23 1305 1
23 1306 3
23 1307 2
23 1308 5
23 1309 5
23 1310 5
23 1311 4
23 1312 4
23 1313 4
23 1314 4
23 1315 4
23 1316 3
23 1317 4
23 1318 3
23 1319 5
23 1320 5
23 1321 5
23 1322 4
23 1323 5
23 1324 4
23 1325 4
23 1326 4
23 1327 4
23 1328 3
23 1329 3
23 1330 3
23 1331 4
23 1332 3
23 1333 2
23 1334 4
23 1335 4
23 1336 5
23 1337 3
23 1338 5
23 1339 4
23 1340 4
23 1341 4
23 1342 3
23 1343 5
23 1344 4
23 1345 5
23 1346 5
23 1347 5
23 1348 4
23 1349 4
23 1350 4
23 1351 4
23 1352 5
23 1353 5
23 1354 5
23 1355 3
23 1356 4
23 1357 4
23 1358 1
23 1359 5
23 1360 4
23 1361 5
23 1362 5
23 1363 4
23 1364 5
23 1365 4
23 1366 2
23 1367 5
23 1368 4
23 1369 3
23 1370 4
23 1371 5
23 1372 4
23 1373 4
23 1374 4
23 1375 5
23 1376 4
23 1377 4
23 1378 2
23 1379 5
23 1380 4
23 1381 5
23 1382 5
23 1383 3
23 1384 3
23 1385 5
23 1386 4
23 1387 5
23 1388 4
23 1389 4
23 1390 5
23 1391 3
23 1392 3
23 1393 5
23 1394 4
23 1395 4
23 1396 5
23 1397 4
23 1398 4
23 1399 3
23 1400 2
23 1401 3
23 1402 5
23 1403 4
23 1404 4
23 1405 4
23 1406 4
23 1407 4
23 1408 4
23 1409 4
23 1410 3
23 1411 3
23 1412 3
23 1413 5
23 1414 5
23 1415 5
23 1416 1
23 1417 5
23 1418 4
23 1419 5
23 1420 4
23 1421 5
23 1422 4
23 1423 4
23 1424 2
23 1425 5
23 1426 5
23 1427 4
23 1428 4
23 1429 3
23 1430 5
23 1431 3
23 1432 5
23 1433 4
23 1434 5
23 1435 3
23 1436 5
23 1437 4
23 1438 4
23 1439 5
23 1440 5
23 1441 5
23 1442 4
23 1443 5
23 1444 4
23 1445 4
23 1446 5
23 1447 5
23 1448 4
23 1449 5
23 1450 5
23 1451 4
23 1452 4
23 1453 5
23 1454 4
23 1455 3
23 1456 5
23 1457 5
23 1458 5
23 1459 5
23 1460 5
23 1461 4
23 1462 5
23 1463 5
23 1464 4
23 1465 2
23 1466 4
23 1467 5
23 1468 5
23 1469 5
23 1470 5
23 1471 2
23 1472 3
23 1473 5
23 1474 5
23 1475 4
23 1476 5
23 1477 4
23 1478 5
23 1479 5
23 1480 5
23 1481 5
23 1482 5
23 1483 4
23 1484 4
23 1485 5
23 1486 3
23 1487 4
23 1488 4
23 1489 4
23 1490 5
23 1491 3
23 1492 5
23 1493 2
23 1494 4
23 1495 5
23 1496 5
23 1497 4
23 1498 5
23 1499 5
23 1500 5
23 1501 4
23 1502 5
23 1503 4
23 1504 4
23 1505 5
23 1506 5
23 1507 4
23 1508 5
23 1509 5
23 1510 4
23 1511 4
23 1512 3
23 1513 2
23 1514 4
23 1515 4
23 1516 5
23 1517 4
23 1518 5
23 1519 5
23 1520 5
23 1521 4
23 1522 4
23 1523 2
23 1524 2
23 1525 4
23 1526 4
23 1527 5
23 1528 4
23 1529 3
23 1530 4
23 1531 5
23 1532 5
23 1533 4
23 1534 5
23 1535 4
23 1536 4
23 1537 2
23 1538 4
23 1539 4
23 1540 4
23 1541 5
23 1542 4
23 1543 5
23 1544 4
23 1545 3
23 1546 4
23 1547 3
23 1548 5
23 1549 4
23 1550 5
23 1551 5
23 1552 5
23 1553 4
23 1554 1
23 1555 2
23 1556 4
23 1557 2
23 1558 5
23 1559 5
23 1560 2
23 1561 3
23 1562 1
23 1563 2
23 1564 2
23 1565 5
23 1566 4
23 1567 4
23 1568 5
23 1569 5
23 1570 4
23 1571 3
23 1572 2
23 1573 3
23 1574 5
23 1575 4
23 1576 5
23 1577 5
23 1578 5
23 1579 5
23 1580 5
23 1581 5
23 1582 5
23 1583 3
23 1584 1
23 1585 5
23 1586 4
23 1587 5
23 1588 4
23 1589 5
23 1590 2
23 1591 2
23 1592 5
23 1593 1
23 1594 1
23 1595 4
23 1596 4
23 1597 5
23 1598 5
23 1599 5
23 1600 5
23 1601 5
23 1602 4
23 1603 5
23 1604 3
23 1605 4
23 1606 5
23 1607 4
23 1608 4
23 1609 5
23 1610 4
23 1611 4
23 1612 4
23 1613 4
23 1614 4
23 1615 2
23 1616 4
23 1617 4
23 1618 1
23 1619 2
23 1620 5
23 1621 4
23 1622 4
23 1623 4
23 1624 4
23 1625 4
23 1626 4
23 1627 4
23 1628 5
23 1629 4
23 1630 4
23 1631 5
23 1632 3
23 1633 4
23 1634 5
23 1635 1
23 1636 5
23 1637 5
23 1638 3
23 1639 4
23 1640 2
23 1641 4
23 1642 4
23 1643 4
23 1644 4
23 1645 5
23 1646 4
23 1647 4
23 1648 5
23 1649 3
23 1650 4
23 1651 4
23 1652 5
23 1653 4
23 1654 4
23 1655 5
23 1656 5
23 1657 4
23 1658 4
23 1659 2
23 1660 5
23 1661 4
23 1662 4
23 1663 4
23 1664 4
23 1665 5
23 1666 4
23 1667 5
23 1668 5
23 1669 5
23 1670 5
23 1671 4
23 1672 4
23 1673 5
23 1674 4
23 1675 5
23 1676 4
23 1677 1
23 1678 5
23 1679 4
23 1680 1
23 1681 5
23 1682 4
23 1683 3
23 1684 4
23 1685 4
23 1686 5
23 1687 5
23 1688 5
23 1689 4
23 1690 5
23 1691 4
23 1692 4
23 1693 4
23 1694 4
23 1695 4
23 1696 5
23 1697 3
23 1698 4
23 1699 5
23 1700 5
23 1701 5
23 1702 3
23 1703 5
23 1704 4
23 1705 4
23 1706 4
23 1707 4
23 1708 4
23 1709 5
23 1710 4
23 1711 5
23 1712 4
23 1713 5
23 1714 4
23 1715 5
23 1716 2
23 1717 4
23 1718 4
23 1719 4
23 1720 4
23 1721 4
23 1722 4
23 1723 1
23 1724 4
23 1725 1
23 1726 5
23 1727 5
23 1728 5
23 1729 4
23 1730 4
23 1731 4
23 1732 4
23 1733 5
23 1734 4
23 1735 4
23 1736 2
23 1737 5
23 1738 5
23 1739 5
23 1740 5
23 1741 4
23 1742 5
23 1743 5
23 1744 3
23 1745 4
23 1746 2
23 1747 4
23 1748 5
23 1749 4
23 1750 5
23 1751 4
23 1752 4
23 1753 5
23 1754 3
23 1755 5
23 1756 3
23 1757 4
23 1758 5
23 1759 4
23 1760 5
23 1761 5
23 1762 4
23 1763 4
23 1764 3
23 1765 4
23 1766 5
23 1767 2
23 1768 5
23 1769 3
23 1770 4
23 1771 5
23 1772 4
23 1773 3
23 1774 4
23 1775 5
23 1776 5
23 1777 3
23 1778 4
23 1779 2
23 1780 4
23 1781 4
23 1782 4
23 1783 4
23 1784 3
23 1785 1
23 1786 4
23 1787 3
23 1788 4
23 1789 4
23 220 4
23 375 5
23 377 3
23 390 1
23 394 5
23 509 4
23 591 1
23 609 4
23 615 5
23 630 5
23 651 3
23 660 4
23 672 3
23 697 4
23 700 5
23 732 5
23 738 5
24 1790 5
24 1791 1
24 1792 5
24 1793 2
24 1794 5
24 1795 5
24 1796 5
24 1797 3
24 1798 4
24 1799 5
24 1800 4
24 1801 4
24 1802 2
24 1803 5
24 1804 4
24 1805 3
24 1806 5
24 1807 5
24 1808 4
24 1809 5
24 1810 4
24 1811 5
24 1812 4
24 1813 5
24 1814 4
24 1815 5
24 1816 4
24 1817 1
25 1818 4
25 1819 2
25 1820 5
25 1821 5
27 1822 5
27 1823 5
27 1824 4
27 1825 4
27 1826 4
27 1827 5
27 1828 5
27 1829 4
27 1830 5
27 1831 5
27 1832 5
27 1833 2
27 1834 4
27 1835 4
27 1836 3
27 1837 2
27 1838 2
27 1839 4
27 1840 3
27 1841 4
27 1842 3
27 1843 5
27 1844 4
27 1845 4
27 1846 5
27 1847 5
27 1848 3
27 1849 5
27 1850 5
27 1851 5
27 1852 5
27 1853 5
27 1854 5
27 1855 3
27 1856 2
27 1857 4
27 1858 2
27 1859 4
27 1860 5
27 1861 5
27 1862 4
27 1863 5
27 1864 4
27 1865 5
27 1866 5
27 1867 5
27 1868 5
27 1869 3
27 1870 5
27 1871 1
27 1872 4
27 1873 4
27 1874 2
27 1875 4
27 1876 4
27 1877 3
27 1878 5
27 1879 4
27 1880 5
27 1881 5
27 1882 3
27 1883 2
27 1884 5
27 1885 3
27 1886 1
27 1887 1
27 1888 3
27 1889 1
27 194 4
27 47 5
27 656 3
27 894 5
28 1480 5
28 1518 5
28 1890 5
28 1891 3
28 1892 3
28 1893 5
28 1894 3
28 1895 4
28 1896 3
28 1897 3
28 1898 5
28 1899 4
28 1900 5
28 1901 5
28 1902 5
28 1903 5
28 1904 3
28 1905 5
28 1906 5
28 1907 5
28 1908 3
28 1909 4
28 1910 5
28 1911 5
28 1912 5
28 1913 5
28 1914 4
28 1915 3
28 1916 5
28 1917 4
28 1918 2
28 1919 4
28 1920 4
28 1921 5
28 1922 4
28 1923 5
28 1924 4
28 1925 5
28 1926 5
28 1927 5
28 1928 1
28 1929 4
28 1930 4
28 1931 5
28 1932 5
28 1933 2
28 1934 5
28 1935 5
28 1936 4
28 1937 5
28 1938 5
28 1939 5
28 1940 4
28 1941 4
28 1942 4
28 1943 5
28 1944 4
28 1945 5
28 1946 5
28 1947 5
28 1948 4
28 1949 4
28 1950 5
28 1951 5
28 1952 5
28 1953 4
28 1954 5
28 1955 5
28 1956 5
28 1957 5
28 1958 5
28 1959 5
28 1960 5
28 1961 4
28 1962 4
28 1963 4
28 1964 5
28 1965 3
28 1966 3
28 1967 4
28 1968 5
28 1969 5
28 1970 3
28 1971 5
28 1972 5
28 1973 5
28 1974 3
28 1975 4
28 1976 4
28 1977 5
28 1978 5
28 1979 4
28 1980 5
28 1981 5
28 1982 4
28 1983 5
28 1984 4
28 1985 4
28 1986 3
28 1987 4
28 1988 5
28 1989 5
28 1990 5
28 1991 5
28 1992 5
28 1993 4
28 1994 5
28 1995 4
28 1996 3
28 1997 5
28 1998 5
28 1999 4
28 2000 4
28 2001 4
28 2002 4
28 2003 4
28 2004 5
28 2005 4
28 2006 4
28 2007 4
28 2008 4
28 2009 3
28 2010 5
28 2011 5
28 2012 5
28 2013 3
28 2014 3
28 2015 5
28 2016 5
28 2017 5
28 2018 5
28 2019 5
28 2020 5
28 2021 5
28 2022 2
28 2023 5
28 2024 4
28 2025 5
28 2026 4
28 2027 4
28 2028 4
28 2029 5
28 2030 4
28 2031 5
28 2032 5
28 2033 3
28 2034 4
28 2035 5
28 2036 5
28 2037 4
28 2038 5
28 2039 3
28 2040 3
28 2041 5
28 2042 5
28 2043 5
28 2044 5
28 2045 5
28 2046 4
28 2047 5
28 2048 5
28 2049 4
28 2050 5
28 2051 5
28 2052 5
28 2053 5
28 2054 4
28 2055 5
28 2056 5
28 2057 3
28 2058 4
28 2059 5
28 2060 5
28 2061 5
28 2062 5
28 2063 5
28 2064 5
28 2065 5
28 2066 5
28 2067 5
28 2068 5
28 2069 5
28 2070 5
28 2071 3
28 2072 3
28 2073 1
28 2074 5
28 2075 5
29 1101 4
29 1103 4
29 1104 2
29 112 4
29 1282 4
29 1559 4
29 1564 4
29 1583 3
29 1675 5
29 2076 5
29 2077 5
29 2078 4
29 2079 4
29 2080 5
29 2081 4
29 2082 3
29 2083 4
29 2084 4
29 2085 4
29 2086 4
29 2087 4
29 2088 3
29 2089 4
29 2090 3
29 2091 5
29 2092 4
29 2093 4
29 2094 3
29 2095 5
29 2096 5
29 2097 4
29 2098 4
29 2099 4
29 2100 4
29 2101 4
29 2102 5
29 2103 5
29 2104 4
29 2105 5
29 2106 5
29 2107 2
29 2108 4
29 2109 5
29 2110 2
29 2111 2
29 2112 3
29 2113 4
29 2114 5
29 2115 5
29 2116 4
29 2117 5
29 2118 2
29 2119 2
29 2120 3
29 2121 5
29 2122 4
29 2123 4
29 2124 5
29 2125 4
29 2126 5
29 2127 3
29 2128 4
29 2129 5
29 2130 5
29 2131 5
29 2132 5
29 2133 4
29 2134 4
29 2135 5
29 2136 5
29 2137 5
29 2138 5
29 2139 5
29 2140 5
29 2141 5
29 2142 4
29 2143 4
29 2144 3
29 2145 4
29 2146 3
29 2147 5
29 2148 4
29 2149 5
29 2150 5
29 2151 4
29 2152 3
29 2153 5
29 2154 4
29 2155 4
29 2156 5
29 2157 4
29 2158 5
29 2159 5
29 2160 4
29 2161 5
29 2162 4
29 2163 3
29 2164 4
29 2165 5
29 2166 5
29 2167 4
29 2168 5
29 2169 5
29 2170 5
29 2171 4
29 2172 3
29 2173 4
29 2174 4
29 2175 5
29 2176 3
29 2177 4
29 2178 4
29 2179 4
29 2180 5
29 2181 4
29 2182 4
29 2183 4
29 2184 5
29 2185 4
29 2186 4
29 2187 5
29 2188 4
29 2189 5
29 2190 4
29 2191 5
29 2192 4
29 2193 5
29 2194 5
29 2195 5
29 2196 5
29 2197 5
29 2198 5
29 2199 5
29 2200 4
29 2201 3
29 2202 5
29 2203 4
29 2204 5
29 2205 2
29 2206 2
29 2207 5
29 2208 5
29 2209 5
29 2210 5
29 2211 5
29 2212 5
29 2213 5
29 2214 4
29 2215 4
29 2216 4
29 2217 4
29 2218 3
29 376 4
29 380 4
29 638 5
29 640 4
29 651 2
30 1041 2
30 1104 3
30 132 5
30 2219 4
30 2220 4
30 2221 3
30 2222 5
30 2223 3
30 2224 5
30 2225 4
30 2226 1
30 2227 5
30 2228 4
30 2229 5
30 2230 5
30 2231 1
30 2232 5
30 2233 5
30 2234 3
30 2235 5
30 2236 4
30 2237 5
30 2238 5
30 2239 5
30 2240 5
30 2241 5
30 2242 5
30 2243 4
30 2244 5
30 2245 5
30 2246 4
30 2247 4
30 2248 5
30 2249 5
30 2250 5
30 2251 5
30 2252 5
30 2253 3
30 2254 4
30 2255 3
30 2256 4
30 2257 4
30 2258 5
30 2259 5
30 2260 3
30 2261 5
30 2262 5
30 2263 5
30 2264 5
30 2265 5
30 2266 4
30 2267 5
30 2268 5
30 2269 2
30 2270 5
30 2271 5
30 2272 5
30 2273 5
30 2274 5
30 2275 4
30 2276 4
30 2277 5
30 2278 5
30 2279 4
30 2280 1
30 2281 4
30 2282 3
30 2283 5
30 2284 5
30 2285 5
30 2286 4
30 2287 5
30 2288 5
30 2289 5
30 2290 3
30 2291 4
30 2292 4
30 2293 5
30 2294 2
30 2295 1
30 2296 1
30 2297 5
30 2298 1
30 2299 4
30 2300 5
30 2301 5
30 2302 5
30 2303 4
30 2304 5
30 2305 3
30 2306 5
30 2307 4
30 2308 5
30 2309 4
30 2310 5
30 2311 4
30 2312 5
30 2313 4
30 514 1
30 561 5
30 967 3
31 1079 4
31 1080 3
31 1745 5
31 1813 5
31 1871 3
31 192 4
31 203 2
31 2288 5
31 2290 3
31 2291 5
31 2314 1
31 2315 5
31 2316 4
31 2317 5
31 2318 4
31 2319 5
31 2320 4
31 2321 4
31 2322 5
31 2323 4
31 2324 5
31 2325 5
31 2326 4
31 2327 5
31 2328 5
31 2329 4
31 2330 5
31 2331 1
31 2332 5
31 2333 5
31 2334 5
31 2335 5
31 2336 1
31 2337 5
31 2338 5
31 2339 4
31 2340 4
31 2341 5
31 2342 4
31 2343 1
31 2344 5
31 2345 5
31 2346 5
31 2347 4
31 2348 5
31 2349 1
31 2350 3
31 2351 4
31 2352 3
31 2353 5
31 2354 4
31 2355 1
31 2356 5
31 2357 5
31 2358 3
31 2359 4
31 2360 5
31 2361 5
31 2362 5
31 2363 5
31 2364 4
31 2365 5
31 2366 3
31 2367 3
31 2368 5
31 2369 5
31 2370 5
31 2371 2
31 2372 5
31 2373 5
31 2374 5
31 2375 2
31 2376 4
31 2377 4
31 2378 4
31 2379 5
31 2380 1
31 2381 4
31 2382 5
31 2383 4
31 2384 5
31 2385 4
31 2386 5
31 2387 5
31 2388 5
31 2389 4
31 2390 4
31 2391 5
31 2392 4
31 2393 5
31 2394 3
31 2395 4
31 2396 2
31 2397 1
31 2398 3
31 2399 3
31 2400 1
31 2401 4
31 2402 4
31 2403 3
31 2404 2
31 2405 4
31 2406 4
31 2407 2
31 2408 4
31 2409 4
31 2410 5
31 2411 4
31 2412 2
31 2413 3
31 2414 5
31 2415 3
31 2416 3
31 2417 3
31 2418 2
31 2419 3
31 2420 4
31 2421 3
31 2422 1
31 2423 3
31 2424 3
31 2425 3
31 2426 5
31 2427 5
31 2428 2
31 2429 4
31 2430 2
31 2431 1
31 2432 4
31 2433 4
31 2434 5
31 2435 4
31 2436 5
31 2437 4
31 2438 5
31 2439 4
31 2440 5
31 2441 5
31 2442 4
31 2443 3
31 2444 5
31 2445 3
31 2446 2
31 2447 5
31 2448 3
31 2449 4
31 2450 5
31 2451 5
31 2452 5
31 980 5
32 2453 2
32 2454 5
32 2455 3
32 2456 4
32 2457 4
32 2458 4
32 2459 2
32 2460 5
32 2461 4
32 2462 3
32 2463 4
32 2464 3
32 2465 4
32 2466 3
32 2467 5
32 2468 3
32 2469 4
32 2470 3
32 2471 4
32 964 5
33 1194 1
33 1421 5
33 2369 5
33 2472 4
33 2473 5
33 2474 5
33 2475 5
33 2476 5
33 2477 5
33 2478 4
33 2479 5
33 2480 4
33 2481 1
33 2482 5
33 2483 5
33 2484 4
33 2485 4
33 2486 5
33 2487 5
33 2488 5
33 2489 4
33 2490 5
33 2491 4
33 2492 5
33 2493 3
33 2494 4
33 2495 5
33 2496 4
33 2497 4
33 2498 3
33 2499 3
33 2500 4
33 2501 4
33 2502 4
33 2503 5
33 2504 5
33 2505 5
33 2506 5
33 2507 5
33 2508 4
33 2509 4
33 2510 2
33 2511 5
33 2512 3
33 2513 4
33 2514 4
33 2515 5
33 2516 1
33 2517 5
33 2518 5
33 2519 5
33 2520 5
33 2521 5
33 2522 5
33 2523 4
33 2524 5
33 2525 4
33 2526 5
33 2527 5
33 2528 4
33 2529 5
33 2530 5
33 2531 4
33 2532 5
33 2533 4
33 2534 5
33 2535 5
33 2536 4
33 2537 4
33 2538 5
33 2539 3
33 2540 4
33 2541 5
33 2542 3
33 2543 5
33 2544 5
33 2545 5
33 2546 5
33 2547 5
33 2548 5
33 2549 3
33 2550 4
33 2551 5
33 2552 4
33 2553 4
33 2554 4
33 2555 5
33 2556 3
33 2557 4
33 2558 1
33 2559 3
33 2560 4
33 2561 5
33 2562 3
33 2563 4
33 2564 4
33 2565 5
33 2566 5
33 2567 5
33 2568 5
33 2569 4
33 2570 5
33 2571 1
33 2572 4
33 2573 4
33 554 4
33 572 5
33 858 5
34 134 3
34 2289 1
34 2574 3
34 2575 4
34 2576 5
34 2577 4
34 2578 5
34 2579 5
34 2580 3
34 2581 3
35 1070 4
35 115 5
35 116 5
35 150 5
35 2582 5
35 2583 4
35 2584 5
35 2585 4
35 2586 4
35 2587 5
35 2588 5
35 2589 5
35 2590 5
35 2591 5
35 2592 5
35 2593 3
35 2594 4
35 2595 5
35 2596 3
35 2597 5
35 2598 4
35 2599 5
35 2600 4
35 2601 4
35 2602 5
35 2603 4
35 2604 4
35 2605 4
35 2606 5
35 2607 5
35 2608 4
35 2609 5
35 2610 4
35 2611 3
35 2612 4
35 2613 5
35 2614 5
35 2615 5
35 2616 5
35 2617 2
35 2618 4
35 2619 2
35 2620 3
35 2621 4
35 2622 5
35 2623 5
35 2624 5
35 2625 3
35 2626 2
35 2627 5
35 2628 5
35 2629 5
35 2630 4
35 2631 1
35 2632 5
35 2633 4
35 2634 5
35 2635 5
35 2636 4
35 2637 2
35 2638 4
35 2639 5
35 2640 5
36 2641 1
36 2642 5
36 2643 1
36 2644 5
36 2645 1
36 2646 5
36 2647 2
36 2648 2
36 2649 4
36 2650 2
36 2651 4
36 2652 5
36 2653 4
36 2654 3
36 2655 4
36 2656 5
36 2657 4
36 2658 1
36 2659 4
36 2660 3
36 44 2
36 78 1
37 2661 5
37 862 5
38 1129 2
38 1167 2
38 173 3
38 177 1
38 1879 3
38 2294 3
38 2296 3
38 2299 3
38 2419 1
38 2662 4
38 2663 4
38 2664 3
38 2665 4
38 2666 1
38 2667 2
38 2668 3
38 2669 3
38 2670 4
38 2671 3
38 2672 3
38 2673 3
38 2674 2
38 2675 3
38 2676 4
38 2677 3
38 2678 3
38 2679 4
38 2680 3
38 2681 3
38 2682 3
38 2683 3
38 2684 3
38 2685 3
38 2686 2
38 2687 2
38 2688 2
38 2689 2
38 40 3
38 887 3
39 2690 3
39 2691 1
39 2692 5
39 2693 4
39 2694 1
39 2695 4
39 2696 5
39 2697 1
39 2698 4
39 2699 4
39 2700 5
39 2701 3
39 2702 4
39 2703 3
39 2704 5
39 2705 3
39 2706 5
39 2707 5
39 2708 4
39 2709 4
39 2710 5
39 2711 5
39 2712 5
39 2713 4
39 2714 4
39 2715 4
39 2716 5
39 2717 5
39 2718 5
39 2719 5
39 2720 5
39 2721 5
39 2722 3
39 2723 3
39 2724 3
39 2725 5
39 2726 5
39 2727 5
39 2728 5
40 1094 5
40 1101 4
40 1102 4
40 1121 4
40 1244 5
40 1365 5
40 1592 5
40 1594 5
40 1642 5
40 1739 5
40 1741 5
40 1744 3
40 1788 5
40 2105 5
40 2125 5
40 2167 5
40 224 5
40 2729 4
40 2730 5
40 2731 5
40 2732 3
40 2733 5
40 2734 5
40 2735 1
40 2736 5
40 2737 4
40 2738 3
40 2739 5
40 2740 5
40 2741 5
40 2742 5
40 2743 5
40 2744 5
40 2745 5
40 2746 4
40 2747 5
40 2748 4
40 2749 4
40 2750 4
40 2751 5
40 2752 4
40 2753 5
40 2754 3
40 2755 5
40 2756 3
40 2757 5
40 2758 5
40 2759 3
40 2760 5
40 2761 4
40 2762 1
40 2763 5
40 2764 5
40 2765 5
40 2766 5
40 2767 3
40 2768 5
40 2769 5
40 2770 5
40 2771 4
40 2772 4
40 2773 3
40 2774 1
40 2775 5
40 2776 3
40 2777 5
40 2778 5
40 2779 5
40 2780 1
40 2781 5
40 2782 4
40 2783 5
40 2784 5
40 2785 5
40 2786 4
40 2787 3
40 2788 5
40 2789 4
40 2790 4
40 2791 5
40 2792 4
40 2793 5
40 2794 1
40 2795 5
40 2796 5
40 2797 5
40 2798 2
40 2799 2
40 2800 3
40 2801 5
40 2802 4
40 2803 5
40 2804 5
40 2805 3
40 2806 5
40 2807 4
40 2808 3
40 2809 5
40 2810 4
40 2811 5
40 2812 4
40 2813 5
40 2814 5
40 2815 5
40 2816 5
40 2817 4
40 2818 2
40 2819 5
40 2820 1
40 2821 5
40 2822 5
40 2823 5
40 2824 5
40 2825 5
40 2826 3
40 2827 4
40 2828 4
40 2829 5
40 2830 3
40 2831 5
40 2832 4
40 2833 5
40 480 5
40 487 5
40 620 4
41 1048 5
41 1082 2
41 1104 3
41 1579 5
41 1593 1
41 1969 5
41 2111 4
41 2120 2
41 2128 4
41 2786 5
41 2834 5
41 2835 2
41 2836 5
41 2837 5
41 2838 5
41 2839 4
41 2840 5
41 2841 3
41 2842 4
41 2843 5
41 2844 3
41 2845 4
41 2846 4
41 2847 4
41 2848 5
41 2849 4
41 2850 3
41 2851 5
41 2852 5
41 2853 5
41 2854 2
41 2855 4
41 2856 5
41 2857 5
41 2858 5
41 2859 5
41 2860 5
41 2861 5
41 2862 4
41 2863 5
41 2864 4
41 2865 5
41 2866 5
41 2867 5
41 2868 3
41 2869 3
41 2870 3
41 2871 5
41 2872 5
41 2873 4
41 2874 4
41 2875 5
41 2876 4
41 2877 4
41 2878 4
41 2879 4
41 2880 4
41 2881 5
41 2882 5
41 2883 5
41 2884 2
41 2885 4
41 2886 4
41 2887 4
41 2888 4
41 2889 4
41 2890 5
41 2891 3
41 2892 4
41 2893 5
41 2894 4
41 2895 3
41 2896 5
41 2897 3
41 2898 5
41 2899 3
41 2900 4
41 2901 4
41 2902 5
41 2903 5
41 2904 5
41 2905 4
41 2906 5
41 2907 3
41 2908 5
41 2909 4
41 2910 4
41 2911 5
41 2912 3
41 2913 4
41 2914 3
41 2915 5
41 2916 5
41 2917 4
41 2918 5
41 2919 4
41 2920 4
41 2921 1
41 2922 5
41 2923 3
41 2924 3
41 2925 4
41 2926 3
41 2927 5
41 2928 3
41 2929 4
41 2930 5
41 2931 5
41 2932 5
41 2933 4
41 2934 5
41 2935 3
41 2936 2
41 2937 1
41 2938 3
41 2939 4
41 2940 4
41 2941 4
41 2942 2
41 2943 1
41 2944 5
41 2945 2
41 2946 5
41 2947 5
41 2948 5
41 2949 4
41 2950 4
41 2951 2
41 2952 2
41 2953 3
41 2954 2
41 2955 4
41 2956 3
41 2957 3
41 2958 4
41 2959 4
41 2960 3
41 2961 3
41 2962 3
41 2963 5
41 2964 3
41 2965 3
41 2966 4
41 2967 4
41 2968 4
41 2969 2
41 2970 5
41 2971 4
41 2972 3
41 2973 5
41 2974 4
41 2975 4
41 2976 1
41 2977 5
41 2978 4
41 2979 5
41 2980 4
41 2981 4
41 2982 5
41 2983 5
41 2984 5
41 2985 4
41 2986 5
41 2987 4
41 2988 5
41 2989 5
41 2990 5
41 2991 4
41 2992 5
41 2993 4
41 2994 5
41 2995 4
41 2996 3
41 2997 4
41 2998 3
41 2999 4
41 3000 3
41 3001 5
41 3002 4
41 3003 4
41 3004 5
41 3005 3
41 3006 5
41 3007 5
41 3008 5
41 3009 2
41 3010 3
41 3011 4
41 3012 4
41 3013 5
41 3014 1
41 3015 5
41 3016 4
41 3017 3
41 3018 4
41 3019 4
41 3020 4
41 3021 5
41 514 4
41 572 4
41 605 4
41 615 4
41 691 4
41 693 4
41 734 5
42 1364 4
42 1727 2
42 1805 3
42 3022 4
42 3023 5
42 3024 4
42 3025 4
42 3026 5
42 3027 3
42 3028 4
42 3029 4
42 3030 3
42 3031 5
42 3032 4
42 3033 4
42 3034 2
42 3035 4
42 3036 4
42 3037 4
42 3038 5
42 3039 1
42 3040 5
42 3041 5
42 3042 5
42 3043 4
42 3044 5
42 3045 5
42 3046 5
42 3047 4
42 3048 5
42 3049 4
42 3050 5
42 3051 4
42 3052 2
42 3053 1
42 3054 3
42 3055 4
42 3056 4
42 3057 5
42 3058 4
42 3059 4
42 3060 4
42 3061 5
42 3062 1
42 3063 4
42 3064 3
42 3065 5
42 3066 5
42 3067 3
42 3068 4
42 3069 4
42 3070 4
42 3071 4
42 3072 4
42 3073 4
42 3074 4
42 3075 4
42 3076 5
42 3077 1
42 3078 5
42 3079 5
42 3080 5
42 691 3
42 752 4
43 3081 5
43 3082 3
43 3083 5
43 3084 3
43 3085 3
43 3086 3
43 3087 5
43 3088 4
43 3089 5
43 3090 5
43 3091 4
43 3092 4
43 3093 5
43 3094 3
43 3095 4
43 3096 4
43 3097 4
43 3098 4
43 3099 2
43 3100 4
43 3101 4
43 3102 4
43 3103 4
43 3104 5
43 3105 4
43 3106 5
43 3107 5
43 3108 4
43 3109 5
43 3110 4
43 3111 2
43 3112 4
43 3113 3
43 3114 4
43 3115 4
43 3116 2
43 3117 5
43 3118 5
44 2959 5
44 3119 3
44 3120 5
44 3121 4
44 3122 5
44 3123 5
44 3124 4
44 3125 4
44 3126 4
44 3127 5
44 3128 5
44 3129 4
44 3130 4
44 3131 4
44 3132 5
44 3133 5
44 3134 4
44 3135 5
44 3136 1
44 3137 4
44 3138 4
44 3139 4
44 3140 4
44 3141 4
44 3142 4
44 3143 3
44 3144 4
44 3145 2
44 3146 4
44 3147 4
44 3148 5
44 3149 4
44 3150 4
44 3151 4
44 3152 5
44 3153 5
44 3154 3
44 3155 4
44 3156 2
44 3157 4
44 3158 4
44 3159 3
44 3160 5
44 3161 4
44 3162 4
44 3163 3
44 3164 5
44 3165 4
44 3166 5
44 3167 5
44 3168 5
44 3169 5
44 3170 5
45 2643 4
45 3171 3
45 3172 1
45 3173 1
45 3174 4
45 3175 3
45 3176 4
45 3177 4
45 3178 1
45 3179 4
45 3180 5
45 3181 4
45 3182 4
45 3183 4
45 3184 3
45 3185 5
45 3186 4
45 3187 5
45 3188 2
45 3189 4
45 3190 2
45 3191 5
45 3192 5
45 3193 5
45 3194 2
45 3195 4
45 3196 5
45 3197 5
45 3198 4
45 3199 4
45 3200 4
45 3201 3
45 3202 4
45 3203 5
45 3204 4
45 3205 5
45 3206 3
45 3207 5
45 3208 4
45 3209 3
45 3210 5
45 3211 4
45 3212 2
45 3213 2
45 3214 4
45 3215 3
45 3216 4
45 3217 4
45 3218 2
45 3219 4
45 3220 4
45 3221 4
45 3222 4
45 3223 4
45 3224 2
45 3225 5
45 3226 4
45 3227 3
45 3228 5
45 3229 4
45 3230 4
45 3231 4
45 3232 4
45 3233 5
45 3234 4
45 3235 4
45 3236 3
45 3237 5
45 3238 3
45 3239 5
45 3240 3
45 3241 4
45 3242 5
45 3243 4
45 3244 3
45 3245 3
45 3246 4
45 3247 4
45 3248 5
45 3249 4
45 3250 1
45 3251 4
45 3252 4
45 3253 4
45 3254 4
45 3255 5
45 3256 2
45 3257 5
45 3258 4
45 3259 4
45 3260 3
45 3261 3
45 3262 3
45 3263 1
45 3264 2
45 3265 5
45 3266 4
45 3267 2
45 3268 2
45 3269 4
45 3270 3
45 3271 3
45 3272 3
45 3273 4
45 3274 4
45 3275 3
45 3276 4
45 3277 2
45 3278 4
45 3279 3
45 3280 4
45 3281 3
45 3282 5
45 3283 3
45 3284 3
45 3285 4
45 3286 3
45 3287 2
45 3288 5
45 3289 4
45 3290 3
45 3291 1
45 3292 2
45 3293 3
45 3294 4
45 3295 3
45 3296 3
45 3297 4
45 3298 2
45 3299 3
45 3300 5
45 3301 5
45 3302 4
45 3303 2
45 3304 1
45 3305 5
45 3306 4
45 3307 3
45 3308 1
45 3309 3
45 3310 4
45 3311 4
45 3312 1
45 3313 4
45 3314 2
45 3315 3
45 3316 4
45 3317 4
45 3318 3
45 3319 4
45 3320 3
45 3321 5
45 3322 5
45 3323 4
45 3324 2
45 3325 2
45 3326 3
45 3327 3
45 3328 3
45 3329 4
45 3330 3
45 3331 3
45 3332 2
45 3333 5
45 3334 3
45 3335 1
45 3336 4
45 3337 4
45 3338 3
45 3339 3
45 3340 3
45 3341 4
45 3342 4
45 3343 1
45 3344 4
45 3345 4
45 3346 2
45 3347 3
45 3348 4
45 3349 4
45 3350 4
45 3351 4
45 3352 4
45 3353 4
45 3354 3
45 3355 2
45 3356 4
45 3357 4
45 3358 4
45 3359 2
45 3360 5
45 3361 4
45 3362 2
45 3363 1
45 3364 3
45 3365 5
45 3366 1
45 3367 2
45 3368 4
45 3369 4
45 3370 3
45 3371 2
45 3372 2
45 3373 1
45 3374 5
45 3375 5
45 3376 4
45 3377 5
45 3378 3
45 3379 2
45 3380 4
45 3381 2
45 3382 4
45 3383 5
45 3384 4
45 717 1
45 862 5
45 863 5
45 976 4
46 1125 3
46 1874 3
46 3385 4
46 3386 3
46 3387 5
46 3388 5
46 3389 1
46 3390 3
46 3391 3
46 3392 1
46 3393 2
46 3394 5
46 3395 4
46 3396 4
46 3397 5
46 3398 3
46 3399 5
46 3400 4
46 3401 5
46 3402 3
46 3403 5
46 3404 4
46 3405 3
46 3406 1
46 3407 3
46 3408 2
46 3409 4
46 3410 4
46 3411 4
46 3412 2
46 3413 1
46 3414 3
46 3415 4
46 3416 5
46 3417 2
46 3418 1
46 3419 2
46 3420 5
46 3421 3
46 3422 5
46 3423 3
46 3424 2
46 3425 4
46 3426 5
46 3427 4
46 3428 4
46 3429 1
46 3430 3
46 3431 5
46 3432 4
46 3433 5
46 3434 5
46 3435 5
46 3436 3
46 3437 4
46 3438 3
46 3439 5
46 3440 4
46 3441 5
46 3442 4
46 3443 5
46 3444 3
46 3445 4
46 3446 5
46 3447 5
46 3448 3
46 3449 5
46 3450 4
46 3451 4
46 3452 5
46 3453 5
46 3454 5
46 3455 5
46 3456 4
46 3457 4
46 363 2
46 673 5
46 690 1
47 2322 5
47 2810 3
47 3255 4
47 3290 4
47 3458 5
47 3459 5
47 3460 4
47 3461 5
47 3462 5
47 3463 4
47 3464 2
47 3465 4
47 3466 3
47 3467 5
47 3468 4
47 3469 4
47 3470 5
47 3471 4
47 3472 5
47 3473 5
47 3474 5
47 3475 3
47 3476 4
47 3477 4
47 3478 4
47 3479 4
47 3480 3
47 3481 4
47 3482 4
47 3483 4
47 3484 4
47 3485 4
47 3486 5
47 3487 3
47 3488 5
47 3489 4
47 3490 5
47 3491 4
47 3492 5
47 3493 5
47 3494 5
47 3495 3
47 3496 5
47 3497 5
47 3498 5
47 375 4
47 386 4
47 862 4
48 1008 4
48 1083 5
48 1104 3
48 1534 1
48 1743 1
48 1779 4
48 2135 4
48 2139 4
48 2183 4
48 2211 5
48 2212 4
48 2294 2
48 2329 3
48 2422 4
48 2448 5
48 2451 5
48 2463 4
48 2676 5
48 2756 4
48 2774 4
48 2810 2
48 2811 5
48 3004 3
48 3499 5
48 3500 5
48 3501 4
48 3502 4
48 3503 3
48 3504 5
48 3505 4
48 3506 4
48 3507 1
48 3508 5
48 3509 5
48 3510 5
48 3511 5
48 3512 5
48 3513 1
48 3514 5
48 3515 5
48 3516 5
48 3517 5
48 3518 5
48 3519 2
48 3520 4
48 3521 4
48 3522 4
48 3523 1
48 3524 5
48 3525 2
48 3526 4
48 3527 5
48 3528 5
48 3529 4
48 3530 5
48 3531 3
48 3532 1
48 3533 5
48 3534 5
48 3535 5
48 3536 5
48 3537 5
48 3538 5
48 3539 5
48 3540 5
48 3541 5
48 3542 5
48 3543 4
48 3544 5
48 3545 4
48 3546 5
48 3547 3
48 3548 5
48 3549 5
48 3550 3
48 3551 4
48 3552 5
48 3553 5
48 3554 4
48 3555 4
48 3556 1
48 3557 4
48 3558 5
48 3559 4
48 3560 5
48 3561 5
48 3562 5
48 3563 5
48 3564 5
48 3565 5
48 3566 5
48 3567 4
48 3568 5
48 3569 5
48 3570 3
48 3571 5
48 3572 4
48 3573 5
48 3574 3
48 3575 3
48 3576 4
48 3577 4
48 3578 5
48 3579 1
48 3580 3
48 3581 3
48 3582 4
48 3583 4
48 3584 3
48 3585 4
48 3586 4
48 3587 4
48 3588 4
48 3589 4
48 3590 5
48 3591 2
48 3592 3
48 3593 3
48 3594 4
48 3595 3
48 3596 3
48 3597 5
48 3598 5
48 3599 4
48 3600 4
48 3601 3
48 3602 4
48 3603 1
48 3604 4
48 3605 1
48 3606 5
48 3607 5
48 3608 5
48 3609 5
48 3610 5
48 3611 5
48 3612 4
48 3613 4
48 3614 5
48 3615 4
48 3616 1
48 3617 4
48 3618 5
48 3619 2
48 3620 4
48 3621 5
48 3622 5
48 3623 5
48 3624 5
48 3625 5
48 3626 4
48 3627 4
48 3628 4
48 3629 5
48 3630 5
48 3631 4
48 363 3
48 389 5
48 508 1
48 513 4
48 515 4
48 516 1
48 517 4
48 539 5
48 660 4
48 728 5
48 786 4
50 1853 5
50 1857 4
50 2176 4
50 3277 3
50 3362 4
50 3482 4
50 3544 4
50 3547 4
50 3632 4
50 3633 5
50 3634 4
50 3635 3
50 3636 4
50 3637 4
50 3638 5
50 3639 1
50 3640 2
50 3641 5
50 3642 5
50 3643 4
50 3644 5
50 3645 5
50 3646 5
50 3647 3
50 3648 4
50 3649 4
50 3650 5
50 3651 3
50 3652 4
50 3653 4
50 3654 5
50 3655 5
50 3656 5
50 3657 4
50 3658 5
50 3659 5
50 3660 5
50 3661 4
50 3662 5
50 3663 4
50 3664 4
50 3665 3
50 3666 5
50 3667 4
50 3668 4
50 3669 3
50 3670 4
50 3671 3
50 3672 4
50 3673 5
50 3674 4
50 3675 4
50 3676 2
50 3677 5
50 3678 3
50 3679 4
50 3680 3
50 3681 4
50 3682 4
50 3683 4
50 3684 4
50 3685 5
50 3686 4
50 3687 4
50 3688 3
50 3689 5
50 3690 4
50 3691 3
50 3692 5
50 3693 3
50 3694 5
50 3695 4
50 3696 4
50 3697 4
50 3698 4
50 3699 4
50 3700 4
50 3701 4
50 3702 4
50 3703 4
50 3704 3
50 3705 4
50 3706 4
50 3707 3
50 3708 2
50 3709 4
50 3710 4
50 3711 3
50 3712 4
50 3713 4
50 3714 2
50 3715 4
50 3716 3
50 3717 3
50 3718 4
50 3719 1
50 3720 4
50 3721 3
50 3722 4
50 3723 4
50 3724 3
50 3725 4
50 3726 3
50 3727 4
50 3728 4
50 3729 3
50 3730 4
50 3731 3
50 3732 4
50 3733 5
50 3734 4
50 3735 5
50 3736 2
50 3737 4
50 3738 1
50 3739 3
50 3740 4
50 3741 1
50 3742 4
50 3743 5
50 3744 2
50 3745 4
50 3746 4
50 3747 2
50 3748 4
50 3749 2
50 3750 1
50 3751 4
50 3752 4
50 3753 4
50 3754 4
50 3755 1
50 3756 4
50 3757 3
50 3758 2
50 3759 1
50 3760 3
50 3761 4
50 3762 4
50 3763 3
50 3764 4
50 3765 5
50 3766 4
50 3767 2
50 3768 4
50 3769 3
50 3770 4
50 3771 4
50 3772 4
50 3773 4
50 3774 4
50 3775 2
50 3776 4
50 3777 4
50 3778 5
50 3779 3
50 3780 3
50 3781 4
50 3782 4
50 3783 2
50 3784 4
50 3785 4
50 3786 3
50 3787 5
50 3788 5
50 3789 3
50 3790 3
50 3791 4
50 3792 3
50 3793 2
50 3794 5
50 3795 5
50 3796 4
50 3797 4
50 3798 4
50 3799 4
50 3800 5
50 3801 4
50 3802 4
50 3803 4
50 3804 4
50 3805 3
50 3806 4
50 3807 4
50 3808 3
50 3809 3
50 3810 1
50 3811 3
50 3812 3
50 3813 4
50 3814 4
50 3815 2
50 3816 3
50 3817 3
50 3818 3
50 3819 3
50 3820 4
50 3821 4
50 3822 3
50 3823 4
50 3824 4
50 3825 3
50 3826 3
50 3827 5
50 3828 3
50 3829 2
50 3830 5
50 3831 4
50 3832 4
50 3833 4
50 3834 5
50 3835 4
50 3836 4
50 3837 3
50 3838 4
50 3839 4
50 3840 4
50 3841 3
50 3842 2
50 3843 4
50 3844 1
50 3845 4
50 3846 3
50 3847 4
50 3848 3
50 3849 4
50 3850 4
50 3851 3
50 3852 2
50 3853 4
50 3854 5
50 879 4
51 1129 4
51 132 5
51 1874 5
51 1875 5
51 1876 4
51 2409 5
51 2418 2
51 2422 3
51 2438 5
51 2679 5
51 2683 4
51 2685 4
51 3630 5
51 382 4
51 3855 5
51 3856 4
51 3857 5
51 3858 4
51 3859 5
51 3860 5
51 3861 5
51 3862 5
51 3863 5
51 3864 5
51 3865 5
51 3866 4
51 3867 4
51 3868 4
51 3869 5
51 3870 4
51 3871 3
51 3872 3
51 3873 5
51 3874 4
51 3875 5
51 3876 5
51 3877 4
51 3878 2
51 3879 5
51 3880 4
51 3881 4
51 3882 2
51 3883 4
51 3884 4
51 3885 4
51 3886 5
51 3887 3
51 3888 4
51 3889 3
51 3890 2
51 3891 1
51 3892 4
51 3893 4
51 3894 4
51 3895 4
51 3896 2
51 3897 5
51 3898 5
51 3899 5
51 3900 4
51 3901 4
51 3902 4
51 3903 5
51 3904 5
51 3905 3
51 3906 5
51 3907 3
51 3908 5
51 3909 4
51 3910 5
51 3911 4
51 3912 3
51 3913 4
51 3914 3
51 3915 4
51 3916 5
51 3917 4
51 3918 5
51 3919 3
51 3920 4
51 3921 5
51 3922 4
51 3923 4
51 3924 4
51 3925 4
51 3926 5
51 498 5
51 520 5
51 660 5
51 858 5
51 895 5
53 1167 3
53 3476 4
53 3927 5
53 3928 3
53 3929 3
53 3930 1
53 3931 1
53 3932 5
53 3933 5
53 3934 2
53 3935 4
53 3936 4
53 3937 4
53 3938 5
53 3939 5
53 3940 3
53 3941 4
53 3942 2
53 3943 1
53 3944 5
53 3945 5
54 3946 4
54 3947 4
55 3948 5
56 1367 5
56 2090 4
56 3604 4
56 363 3
56 3949 1
56 3950 2
56 3951 5
56 3952 5
56 3953 5
56 3954 3
56 3955 5
56 3956 5
56 3957 3
56 3958 5
56 3959 4
56 3960 5
56 3961 5
56 3962 5
56 3963 5
56 3964 5
56 3965 5
56 3966 4
56 3967 5
56 3968 5
56 3969 2
56 3970 3
56 3971 4
56 3972 4
56 3973 5
56 3974 5
56 3975 4
56 3976 5
56 3977 4
56 3978 4
56 3979 4
56 3980 4
56 3981 5
56 3982 4
56 3983 3
56 3984 4
56 3985 5
56 3986 4
56 3987 5
56 3988 5
56 3989 5
56 3990 5
56 3991 5
56 3992 5
56 3993 5
56 3994 3
56 3995 5
56 3996 5
56 3997 3
56 3998 5
56 3999 5
56 4000 2
56 4001 5
56 4002 5
56 4003 4
56 4004 3
56 4005 3
56 4006 4
56 4007 5
56 4008 4
56 660 4
56 718 4
57 2682 5
57 2774 1
57 4009 5
57 4010 4
57 4011 5
57 4012 5
57 4013 2
57 4014 5
57 4015 5
57 4016 4
57 4017 5
57 4018 4
57 4019 5
57 4020 5
57 4021 5
57 4022 5
57 4023 5
57 4024 4
57 4025 2
57 4026 2
57 4027 5
57 4028 5
57 4029 5
57 4030 5
57 4031 5
57 4032 4
57 4033 5
57 4034 4
57 4035 2
57 4036 5
57 4037 4
57 4038 5
57 4039 4
57 4040 5
57 4041 5
57 4042 4
57 4043 5
57 4044 5
57 4045 5
57 4046 5
57 4047 5
57 4048 5
57 4049 5
57 4050 5
57 4051 5
57 4052 5
57 4053 5
57 4054 5
57 520 4
57 736 4
58 1193 4
58 1195 3
58 1543 1
58 1741 2
58 2427 5
58 2774 3
58 2775 5
58 2829 5
58 3236 4
58 3439 4
58 3601 4
58 376 4
58 3911 3
58 3924 3
58 4055 3
58 4056 4
58 4057 4
58 4058 5
58 4059 5
58 4060 3
58 4061 5
58 4062 1
58 4063 1
58 4064 1
58 4065 5
58 4066 5
58 4067 1
58 4068 4
58 4069 5
58 4070 1
58 4071 5
58 4072 5
58 4073 3
58 4074 4
58 4075 1
58 4076 5
58 4077 4
58 4078 5
58 4079 5
58 4080 4
58 4081 5
58 4082 4
58 4083 5
58 4084 5
58 4085 5
58 4086 5
58 4087 1
58 4088 5
58 4089 5
58 4090 4
58 4091 1
58 4092 1
58 528 2
59 1674 5
59 2809 3
59 4093 4
59 4094 5
59 4095 4
59 4096 5
59 4097 4
59 4098 5
59 4099 5
59 4100 4
59 4101 5
59 4102 5
59 4103 5
59 4104 4
59 4105 4
59 4106 4
59 4107 3
59 4108 4
59 4109 4
59 4110 4
59 4111 5
59 4112 4
59 4113 4
59 4114 2
59 4115 4
59 4116 4
59 4117 4
59 4118 4
59 4119 5
59 4120 2
59 4121 3
59 4122 3
59 4123 5
59 4124 4
59 4125 4
59 4126 3
59 4127 4
59 4128 5
59 4129 5
59 4130 4
59 4131 5
59 4132 4
59 4133 5
59 4134 5
59 4135 5
59 4136 2
59 4137 4
59 4138 4
59 4139 4
59 4140 4
59 4141 5
59 4142 4
59 4143 5
59 4144 4
59 4145 5
59 4146 4
59 4147 4
59 4148 3
59 4149 4
59 4150 4
59 4151 4
59 4152 4
59 4153 4
59 4154 4
59 4155 4
59 4156 4
59 4157 5
59 4158 5
59 4159 4
59 4160 5
59 4161 4
59 4162 4
59 4163 2
59 4164 4
59 4165 4
59 4166 5
59 4167 4
59 4168 5
59 4169 4
59 4170 5
59 4171 5
59 4172 4
59 4173 5
59 4174 4
59 4175 5
59 4176 4
59 4177 4
59 4178 5
59 4179 3
59 4180 4
59 4181 4
59 4182 5
59 4183 4
59 4184 4
59 4185 5
59 4186 4
59 4187 5
59 4188 5
59 4189 4
59 4190 4
59 4191 4
59 4192 4
59 4193 3
59 4194 4
59 4195 3
59 4196 5
59 4197 3
59 4198 3
59 4199 4
59 4200 3
59 4201 3
59 4202 4
59 4203 5
59 4204 4
59 4205 4
59 4206 4
59 4207 4
59 4208 4
59 4209 4
59 493 2
59 537 3
60 4051 5
60 4076 5
60 4079 5
60 4083 5
60 4210 5
60 4211 2
60 4212 5
60 4213 5
60 4214 5
60 4215 4
60 4216 3
60 4217 4
60 4218 5
60 4219 5
60 4220 5
60 4221 4
60 4222 3
60 4223 5
60 4224 4
60 4225 5
60 4226 5
60 4227 4
60 4228 4
60 4229 5
60 4230 4
60 4231 4
60 4232 3
60 4233 4
60 4234 4
60 4235 4
60 4236 5
60 4237 4
60 4238 2
60 4239 5
60 4240 4
60 4241 4
60 4242 5
60 4243 4
60 4244 4
60 4245 4
60 4246 5
60 4247 5
60 4248 5
60 4249 4
60 4250 4
60 4251 4
60 4252 4
60 4253 4
60 4254 5
60 4255 4
60 4256 5
60 4257 5
60 4258 4
60 4259 4
60 4260 4
60 4261 5
60 4262 3
60 4263 4
60 4264 4
60 4265 3
60 4266 4
60 4267 4
60 4268 5
60 4269 3
60 4270 3
60 4271 4
60 4272 4
60 4273 4
60 4274 4
60 4275 4
60 4276 4
60 4277 5
60 4278 5
60 4279 5
60 4280 5
60 4281 5
60 4282 5
60 4283 4
60 4284 4
60 4285 4
60 4286 5
60 4287 5
60 4288 4
60 4289 4
60 4290 4
60 4291 4
60 4292 5
60 4293 5
60 4294 4
60 4295 3
60 4296 5
60 4297 4
60 4298 4
60 4299 4
60 4300 5
60 4301 4
60 4302 4
60 4303 5
60 4304 3
60 4305 4
60 4306 5
60 4307 4
60 4308 3
60 4309 5
60 4310 5
60 4311 5
60 4312 5
60 4313 4
60 4314 4
60 4315 5
60 4316 4
60 4317 5
60 4318 4
60 4319 4
60 4320 4
60 4321 4
60 4322 5
60 4323 5
60 4324 4
60 4325 5
60 4326 5
60 4327 4
60 4328 5
60 4329 5
60 4330 4
60 4331 5
60 4332 5
60 4333 5
60 4334 5
60 4335 5
60 4336 5
60 4337 5
60 4338 5
60 4339 5
60 4340 5
60 4341 5
60 4342 4
60 4343 5
60 4344 4
60 4345 4
60 4346 4
60 4347 4
60 4348 5
60 4349 4
60 4350 3
60 4351 2
60 4352 4
60 4353 4
60 4354 3
60 4355 4
60 4356 3
60 4357 4
60 4358 5
60 4359 5
60 4360 4
60 4361 5
60 4362 4
60 4363 4
60 4364 4
60 4365 4
60 4366 5
60 4367 5
60 4368 5
60 4369 5
60 4370 5
60 4371 5
60 4372 5
60 4373 5
60 4374 4
60 4375 5
60 4376 5
60 4377 5
60 4378 5
60 4379 5
60 4380 5
60 4381 5
60 4382 5
60 4383 5
60 4384 4
60 4385 5
60 4386 4
60 4387 5
60 480 5
61 2621 5
61 4219 5
61 4220 5
61 4236 5
61 4242 5
61 4310 5
61 4326 5
61 4328 5
61 4364 4
61 4388 5
61 4389 5
61 4390 5
61 4391 1
61 4392 5
61 4393 5
61 4394 5
61 4395 5
61 4396 5
61 4397 5
61 4398 4
61 4399 5
61 4400 5
61 4401 5
61 4402 4
61 4403 1
61 4404 5
61 4405 5
61 4406 5
61 4407 5
61 4408 5
61 4409 4
61 4410 5
61 4411 5
61 4412 5
61 4413 5
61 4414 3
61 4415 5
61 4416 4
61 4417 1
61 4418 3
61 4419 5
61 4420 5
61 4421 5
61 4422 5
61 4423 4
61 4424 5
61 4425 5
61 4426 5
61 4427 5
61 4428 4
61 4429 4
61 4430 5
61 4431 5
61 4432 5
61 4433 2
61 4434 1
61 4435 5
61 4436 5
61 4437 5
61 4438 5
61 4439 4
61 4440 4
61 4441 5
61 4442 5
61 4443 5
61 802 1
62 1813 5
62 2445 3
62 3456 5
62 3862 5
62 4218 5
62 4444 1
62 4445 5
62 4446 5
62 4447 5
62 4448 5
62 4449 5
62 4450 5
62 4451 5
62 4452 5
62 4453 5
62 4454 5
62 4455 1
62 4456 5
62 4457 5
62 4458 5
62 4459 5
62 4460 1
62 4461 5
62 4462 5
62 4463 5
62 4464 5
62 4465 4
62 4466 5
62 4467 5
62 4468 3
62 4469 5
62 4470 3
62 4471 3
62 4472 4
62 4473 4
62 615 5
63 4474 2
63 4475 4
63 4476 3
63 4477 4
63 4478 2
63 4479 3
63 4480 4
63 4481 5
63 4482 4
63 4483 5
63 4484 5
63 4485 4
63 4486 4
63 4487 2
63 4488 1
63 4489 5
63 4490 3
63 4491 4
63 4492 4
63 4493 5
63 4494 5
63 4495 4
63 4496 4
63 4497 4
63 4498 4
63 4499 2
63 4500 3
63 4501 2
63 4502 3
63 4503 3
63 4504 4
63 4505 3
63 4506 3
63 4507 3
64 4508 4
64 4509 4
64 4510 5
64 4511 5
64 4512 5
64 4513 5
64 4514 5
64 4515 4
64 4516 4
64 4517 5
64 4518 4
64 4519 5
64 4520 5
64 4521 5
64 4522 4
64 4523 4
64 4524 5
64 4525 5
64 4526 4
64 4527 5
64 4528 4
64 4529 5
64 4530 5
64 4531 5
64 4532 5
64 4533 5
64 4534 5
64 4535 5
64 4536 4
64 4537 5
64 4538 3
64 4539 5
65 1079 2
65 1096 3
65 1106 2
65 1113 1
65 116 5
65 1217 5
65 1299 5
65 1330 5
65 1353 5
65 139 4
65 154 4
65 1589 5
65 1638 5
65 1740 5
65 1744 5
65 1758 4
65 1759 5
65 1778 5
65 1865 4
65 2210 5
65 2228 3
65 2265 5
65 233 3
65 2335 2
65 2378 4
65 2382 5
65 2387 5
65 2388 5
65 2482 5
65 2569 4
65 2730 5
65 2774 4
65 2783 5
65 2809 1
65 2810 1
65 2816 1
65 2818 5
65 2826 5
65 2918 2
65 3191 2
65 3192 5
65 3196 5
65 3631 5
65 363 3
65 3657 3
65 3688 5
65 3803 4
65 384 4
65 3855 5
65 3857 4
65 391 5
65 3979 5
65 4092 1
65 4201 1
65 4540 5
65 4541 5
65 4542 2
65 4543 4
65 4544 4
65 4545 5
65 4546 5
65 4547 3
65 4548 1
65 4549 5
65 4550 5
65 4551 5
65 4552 5
65 4553 4
65 4554 5
65 4555 5
65 4556 5
65 4557 5
65 4558 5
65 4559 5
65 4560 3
65 4561 5
65 4562 4
65 4563 4
65 4564 5
65 4565 4
65 4566 4
65 4567 4
65 4568 5
65 4569 5
65 4570 5
65 4571 5
65 4572 5
65 4573 4
65 4574 5
65 4575 4
65 4576 5
65 4577 5
65 4578 4
65 4579 5
65 4580 5
65 4581 5
65 4582 5
65 4583 5
65 4584 5
65 4585 5
65 4586 5
65 4587 5
65 4588 3
65 4589 5
65 4590 4
65 4591 4
65 4592 5
65 4593 4
65 4594 5
65 4595 5
65 4596 5
65 4597 5
65 4598 5
65 4599 5
65 4600 5
65 4601 5
65 4602 5
65 4603 5
65 4604 3
65 4605 5
65 4606 5
65 4607 5
65 4608 5
65 4609 5
65 4610 4
65 4611 5
65 4612 5
65 4613 5
65 4614 1
65 4615 5
65 4616 4
65 4617 5
65 4618 5
65 4619 3
65 4620 5
65 4621 3
65 4622 5
65 4623 5
65 4624 5
65 4625 5
65 4626 5
65 4627 5
65 4628 4
65 4629 3
65 4630 5
65 4631 5
65 4632 5
65 4633 5
65 4634 5
65 4635 4
65 4636 4
65 4637 3
65 4638 3
65 4639 3
65 4640 4
65 4641 3
65 4642 3
65 4643 5
65 4644 3
65 4645 4
65 4646 5
65 4647 5
65 4648 5
65 4649 3
65 4650 5
65 4651 3
65 4652 5
65 4653 5
65 4654 5
65 4655 5
65 4656 5
65 4657 5
65 4658 5
65 4659 5
65 4660 4
65 4661 4
65 4662 5
65 4663 5
65 4664 5
65 4665 5
65 4666 4
65 4667 5
